1 3.859 0.000 17.745 3.000 19.000 315.000 98451.000 9.313 3.500 0.000 0.996 -0.030 -0.082 0.000 -0.063 0.125 0.063 1.580 -0.600 9.640 21.600 66.500 43.600 1.590 -0.590 9.650 23.858 13.529 3.761 29.597 59.194 45.818604 1.251205 8   
2 3.857 0.000 17.745 3.000 19.000 315.000 98452.000 9.313 3.500 0.000 0.996 -0.030 -0.082 0.000 0.063 0.125 0.063 1.590 -0.610 9.630 21.600 65.900 45.400 1.590 -0.590 9.650 24.933 13.675 4.054 31.111 60.635 45.818604 1.251205 8  
3 3.857 0.000 17.745 3.000 19.000 315.000 98452.000 9.313 3.500 0.000 0.996 -0.030 -0.082 0.000 -0.063 -0.125 0.125 1.570 -0.610 9.600 20.400 65.900 44.100 1.590 -0.590 9.650 26.154 14.676 4.249 32.283 62.466 45.818604 1.251205 8
4 3.856 0.000 17.751 3.000 19.000 315.000 98448.000 9.313 3.500 0.000 0.996 -0.030 -0.082 0.000 0.063 0.000 0.063 1.600 -0.600 9.630 21.100 67.000 44.100 1.590 -0.590 9.650 27.766 15.092 4.640 33.871 65.055 45.818604 1.251205 8
5 3.856 0.000 17.727 3.000 19.000 315.000 98443.000 9.250 3.500 359.938 0.996 -0.030 -0.081 0.000 -0.438 -10.688 -0.250 1.570 -0.600 9.820 14.800 41.200 29.100 1.580 -0.590 9.650 28.889 15.580 5.055 35.189 67.082 45.818604 1.251205 8
6 3.854 0.000 17.741 3.000 19.000 315.000 98444.000 10.000 3.563 359.938 0.996 -0.031 -0.087 0.000 0.000 -3.375 0.000 1.700 -0.640 10.000 16.400 40.100 27.600 1.700 -0.600 9.630 30.183 16.874 4.957 37.460 69.158 45.818604 1.251201 9
7 3.856 0.000 17.727 3.000 19.000 315.000 98441.000 9.000 3.500 359.938 0.996 -0.030 -0.078 0.000 -0.063 6.313 0.500 1.280 -0.950 10.710 16.900 38.400 27.300 1.520 -0.590 9.660 30.916 16.972 4.908 38.437 69.963 45.818604 1.251201 9
8 3.854 0.000 17.721 3.000 19.000 316.000 98439.000 7.875 3.375 313.188 0.911 0.002 -0.075 0.405 5.750 -0.063 22.500 2.420 -1.340 10.330 24.300 0.000 27.300 1.310 -0.530 9.700 37.387 14.945 6.886 45.226 75.531 45.818604 1.251201 9
9 3.856 0.000 17.727 3.000 19.000 316.000 98435.000 7.125 4.188 277.125 0.748 0.014 -0.072 0.660 0.000 0.188 0.000 1.270 -0.820 9.820 20.100 -18.000 26.400 1.230 -0.720 9.700 42.955 14.335 8.254 51.062 79.829 45.818604 1.251201 9
10 3.852 0.000 17.717 3.000 19.000 316.000 98438.000 1.438 5.625 280.063 0.764 -0.030 -0.040 0.644 1.438 -2.625 7.938 0.370 -1.690 9.330 19.000 -16.900 24.900 0.140 -0.950 9.750 44.811 16.068 8.742 54.335 83.834 45.818604 1.251201 9
11 3.852 0.000 17.690 3.000 19.000 316.000 98440.000 0.438 3.625 271.563 0.717 -0.018 -0.026 0.696 8.625 2.125 -3.438 -0.400 -0.420 12.100 16.300 -21.400 23.200 0.210 -0.510 9.790 45.055 16.654 9.182 55.726 84.396 45.818562 1.251521 9
12 3.855 0.000 17.696 3.000 19.000 317.000 98425.000 -1.750 4.938 278.875 0.759 -0.043 -0.017 0.650 -0.563 -0.188 -0.250 0.730 -0.890 10.080 15.600 17.700 31.500 -0.290 -0.830 9.760 46.081 20.659 9.915 60.195 89.915 45.818562 1.251521 9
13 3.855 0.000 17.686 3.000 19.000 317.000 98426.000 4.188 5.375 210.875 0.258 0.024 -0.055 0.964 3.688 0.438 19.063 1.050 -1.590 9.160 -17.700 -25.400 16.100 0.700 -0.880 9.740 42.564 20.684 9.768 56.728 85.617 45.818562 1.251521 9
14 3.854 0.000 17.682 3.000 19.000 317.000 98426.000 8.438 2.875 239.688 0.503 0.051 -0.059 0.861 -3.438 3.438 -18.625 0.440 0.100 10.020 4.400 -26.000 20.300 1.170 -0.420 9.720 46.252 21.001 9.744 59.390 89.499 45.818562 1.251521 9
15 3.853 0.000 17.707 3.000 19.000 317.000 98426.000 2.250 2.688 303.563 0.881 -0.011 -0.029 0.472 0.563 0.438 -1.438 0.870 -0.190 9.340 36.900 -12.100 10.400 0.400 -0.430 9.780 39.658 19.878 8.181 51.087 82.637 45.818562 1.251521 9
16 3.849 0.000 17.676 3.000 19.000 317.000 98430.000 9.563 4.063 311.188 0.907 0.002 -0.092 0.411 0.625 0.063 -0.625 2.220 -0.990 9.810 36.800 -9.600 7.000 1.720 -0.710 9.620 38.584 20.635 8.205 50.696 82.222 45.817978 1.252282 9
17 3.851 0.000 17.676 3.000 19.000 317.000 98431.000 9.688 5.563 311.188 0.906 -0.009 -0.097 0.411 -0.250 -1.188 0.375 1.720 -0.820 9.730 37.400 -9.600 8.600 1.630 -0.940 9.620 38.364 21.026 8.059 51.624 82.198 45.817978 1.252282 9
18 3.848 0.000 17.662 3.000 19.000 316.000 98431.000 3.500 6.000 310.750 0.908 -0.035 -0.050 0.415 0.063 -0.375 0.500 -0.340 -1.220 10.200 36.600 -8.900 4.800 0.570 -1.030 9.730 37.827 20.195 8.132 49.963 81.294 45.817978 1.252282 9
19 3.851 0.000 17.682 3.000 19.000 317.000 98428.000 0.875 5.938 310.438 0.907 -0.044 -0.029 0.418 1.625 -1.313 -0.125 0.050 -0.880 9.440 36.600 -9.600 8.600 0.150 -0.990 9.750 38.803 20.659 8.449 51.331 82.369 45.817528 1.252478 10
20 3.849 0.000 18.026 3.000 19.000 316.000 98436.000 1.625 5.063 310.313 0.907 -0.034 -0.033 0.419 -1.063 6.063 -0.688 1.650 -0.030 9.410 25.200 -23.800 -8.800 0.290 -0.870 9.760 39.341 21.685 8.230 52.650 83.175 45.817528 1.252478 10
21 3.850 0.000 17.662 3.000 19.000 316.000 98437.000 2.438 5.125 312.313 0.914 -0.032 -0.039 0.404 0.313 -0.813 -0.625 0.750 -0.800 10.010 23.500 -2.700 14.800 0.520 -0.860 9.750 38.657 21.343 8.645 52.332 82.515 45.817528 1.252478 10
22 3.818 0.000 17.666 3.000 19.000 315.000 98446.000 6.813 5.313 312.313 0.912 -0.018 -0.073 0.403 -0.938 -1.000 0.375 3.200 -1.390 9.300 25.400 -13.600 -8.300 1.160 -0.900 9.690 38.608 21.783 8.718 52.552 82.466 45.816120 1.253048 11
23 3.849 0.000 17.662 3.000 19.000 315.000 98455.000 6.000 5.625 311.688 0.910 -0.022 -0.069 0.408 0.375 -5.313 0.875 1.250 -1.220 9.710 33.600 -9.600 -5.400 1.040 -0.950 9.700 38.730 21.441 8.620 52.650 82.027 45.816120 1.253048 11
24 3.848 0.000 17.666 3.000 19.000 315.000 98438.000 3.063 4.938 312.625 0.915 -0.029 -0.042 0.401 -0.688 4.625 0.625 0.000 -1.280 9.970 39.800 -10.200 -6.400 0.520 -0.860 9.750 36.508 20.024 8.010 49.670 78.535 45.816120 1.253048 11
25 3.845 0.000 17.672 3.000 19.000 319.000 98398.000 2.875 5.688 308.875 0.901 -0.034 -0.044 0.431 0.188 -0.688 0.875 0.880 -1.100 10.110 20.100 27.200 26.800 0.490 -0.980 9.740 37.631 20.708 8.034 50.354 79.853 45.814575 1.253665 11
26 3.846 0.000 17.646 3.000 19.000 323.000 98356.000 3.125 6.250 304.750 0.884 -0.035 -0.050 0.463 -1.313 1.500 1.125 0.680 -0.940 9.780 14.700 26.400 32.600 0.550 -1.080 9.730 36.606 20.440 7.668 48.449 79.023 45.814575 1.253665 11
27 3.847 0.000 17.652 3.000 19.000 326.000 98314.000 2.875 6.250 300.625 0.867 -0.035 -0.049 0.495 0.438 0.313 0.813 0.250 -1.170 9.590 13.200 23.500 32.400 0.500 -1.060 9.730 36.923 19.853 7.497 48.181 79.096 45.814575 1.253665 11
28 3.846 0.000 17.662 3.000 19.000 330.000 98266.000 3.313 6.250 296.188 0.847 -0.031 -0.054 0.528 0.563 -5.063 1.188 0.310 -1.200 9.370 11.600 18.700 32.600 0.580 -1.070 9.730 37.167 20.415 7.839 48.205 78.999 45.813068 1.254683 11
29 3.845 0.000 17.642 3.000 19.000 333.000 98233.000 4.000 6.375 290.938 0.822 -0.026 -0.061 0.565 0.750 0.188 1.063 0.760 -1.350 9.810 10.500 16.900 30.700 0.690 -1.080 9.720 38.046 20.513 7.814 49.158 79.536 45.813068 1.254683 11
30 3.845 0.000 17.652 3.000 19.000 335.000 98214.000 4.938 6.000 290.188 0.818 -0.019 -0.065 0.571 0.250 -1.875 0.063 1.150 -0.410 10.200 10.400 12.900 30.400 0.850 -1.020 9.710 37.973 20.195 7.985 49.524 79.536 45.813068 1.254683 11
31 3.842 0.000 17.656 3.000 19.000 336.000 98208.000 5.750 5.813 290.188 0.818 -0.013 -0.070 0.570 -0.688 -1.750 0.063 2.220 -0.740 9.610 9.700 13.400 29.900 0.980 -0.990 9.700 37.534 18.462 7.717 48.107 77.534 45.811661 1.256155 11
32 3.838 0.000 17.632 3.000 19.000 337.000 98195.000 6.000 5.938 291.063 0.822 -0.013 -0.073 0.564 -0.938 -1.500 -0.313 2.020 -1.140 9.740 9.200 16.400 26.800 1.040 -1.000 9.690 37.558 19.756 7.717 48.718 78.339 45.811661 1.256155 11
33 3.843 0.000 17.638 3.000 19.000 337.000 98188.000 8.750 4.625 295.688 0.844 0.007 -0.086 0.529 -0.375 4.875 -1.750 1.340 -0.990 10.110 14.000 16.800 30.000 1.500 -0.750 9.660 36.703 17.753 7.131 46.642 75.922 45.811661 1.256155 11
34 3.842 0.000 17.993 3.000 19.000 337.000 98188.000 7.125 3.875 305.313 0.887 -0.004 -0.068 0.457 -1.313 3.063 -4.688 0.160 -0.540 9.770 17.400 19.000 29.100 0.780 -0.640 9.750 35.360 17.192 6.838 44.322 74.432 45.811001 1.256779 12
35 3.840 0.000 17.618 3.000 19.000 338.000 98187.000 3.625 9.563 310.250 0.901 -0.062 -0.064 0.424 1.875 -0.875 14.750 1.280 -3.190 9.890 22.000 5.600 25.100 0.570 -1.600 9.650 35.214 17.827 7.082 44.982 74.212 45.811001 1.256779 12
36 3.779 0.000 17.612 3.000 19.000 337.000 98191.000 -0.188 4.438 249.438 0.574 -0.024 -0.031 0.818 0.000 0.938 -12.000 0.050 1.090 9.370 8.800 -30.200 25.700 0.010 -0.770 9.770 32.357 16.020 6.716 40.513 69.573 45.811001 1.256779 12
37 3.839 0.000 17.618 3.000 19.000 337.000 98192.000 3.000 6.375 282.750 0.780 -0.028 -0.055 0.622 0.000 -0.938 -1.250 -0.020 -0.880 10.300 21.200 3.300 25.700 0.480 -1.110 9.730 34.042 17.558 7.082 43.663 73.236 45.811001 1.256779 12
38 3.839 0.000 17.628 3.000 19.000 337.000 98188.000 0.625 5.875 285.563 0.795 -0.039 -0.035 0.604 0.438 -5.938 0.313 0.500 -0.730 10.230 25.900 2.400 22.800 0.100 -1.020 9.750 33.748 17.949 6.862 43.443 72.723 45.809700 1.258443 12
39 3.833 0.000 17.618 3.000 19.000 338.000 98177.000 3.563 5.500 285.563 0.795 -0.020 -0.054 0.604 0.125 -3.750 0.438 2.100 -1.010 9.550 23.000 1.100 23.300 0.610 -0.930 9.740 32.943 17.900 7.009 43.810 72.479 45.809700 1.258443 12
40 3.840 0.000 17.622 3.000 19.000 338.000 98174.000 4.438 6.188 272.875 0.722 -0.011 -0.066 0.688 -0.125 4.250 2.438 1.370 -1.530 9.690 12.000 4.600 23.000 0.780 -1.030 9.720 14.505 5.592 3.297 18.584 35.507 45.809700 1.258443 12
41 3.838 0.000 17.622 3.000 19.000 336.000 98200.000 5.688 6.125 256.250 0.615 0.007 -0.073 0.785 1.250 3.375 2.813 2.150 -1.580 10.120 7.300 -13.100 26.500 0.970 -1.010 9.700 32.527 16.850 6.716 42.125 70.379 45.809700 1.258443 12
42 3.838 0.000 17.612 3.000 19.000 334.000 98228.000 3.375 5.875 245.375 0.539 -0.004 -0.059 0.840 -0.625 -3.688 0.063 2.620 -1.460 10.540 2.200 -15.200 26.200 0.520 -1.030 9.730 31.917 16.703 6.716 41.538 69.646 45.808292 1.261638 12
43 3.840 0.000 17.592 3.000 19.000 334.000 98219.000 3.813 5.813 244.813 0.535 0.001 -0.061 0.843 0.063 -0.063 0.938 2.880 -0.990 9.660 4.400 -14.000 25.700 0.710 -0.990 9.730 31.624 16.679 6.838 40.611 69.377 45.808292 1.261638 12
44 3.838 0.000 17.602 3.000 19.000 335.000 98212.000 5.875 6.125 251.000 0.580 0.011 -0.074 0.811 -1.000 2.063 -4.000 3.810 -0.120 9.670 9.900 -13.200 22.800 0.980 -1.060 9.690 31.429 16.117 6.496 40.000 68.376 45.808292 1.261638 12
45 3.835 0.000 17.592 3.000 19.000 335.000 98212.000 10.125 5.688 282.000 0.771 0.018 -0.100 0.629 0.750 2.438 9.438 2.070 -2.120 8.990 21.100 -9.100 22.800 1.750 -0.990 9.590 31.087 15.336 6.325 39.072 67.546 45.808292 1.261638 12
46 3.836 0.000 17.598 3.000 19.000 334.000 98216.000 -0.375 17.688 193.125 0.104 -0.024 -0.151 0.983 3.875 -7.625 22.438 1.440 -4.180 9.330 -19.000 -17.900 21.600 -0.280 -2.850 9.370 27.619 17.241 5.861 36.825 65.446 45.808292 1.261638 12
47 3.827 0.000 17.602 3.000 19.000 336.000 98197.000 -6.750 7.625 93.625 -0.687 0.007 -0.088 0.721 1.500 -0.875 19.688 0.660 -3.600 9.370 -12.600 26.000 21.600 -0.920 -1.450 9.650 28.034 14.945 5.495 35.775 64.127 45.808308 1.263872 12
48 3.836 0.000 17.598 3.000 19.000 336.000 98203.000 0.500 -1.500 39.000 -0.941 -0.011 0.008 0.339 -2.000 4.250 -12.500 1.330 1.890 11.030 10.800 26.200 17.400 0.080 0.230 9.800 29.084 16.361 5.934 37.656 66.545 45.808308 1.263872 12
49 3.834 0.000 17.962 3.000 19.000 335.000 98217.000 0.188 4.688 67.438 -0.831 0.036 -0.021 0.555 -1.063 4.875 0.688 0.900 -1.010 9.660 -5.900 41.900 24.800 0.010 -0.800 9.770 29.182 15.946 6.325 37.411 66.447 45.808308 1.263872 12
50 3.834 0.000 17.588 3.000 19.000 335.000 98218.000 0.313 4.313 67.813 -0.829 0.033 -0.019 0.558 1.188 -2.063 -1.438 0.230 -0.230 9.930 -3.500 40.100 26.400 0.060 -0.750 9.770 29.353 16.166 6.129 37.265 66.740 45.808350 1.261781 12
51 3.831 0.000 17.578 3.000 19.000 335.000 98205.000 -0.750 3.875 74.938 -0.792 0.023 -0.026 0.610 -0.125 3.438 -5.375 1.720 0.800 9.830 -5.900 38.200 24.300 -0.090 -0.650 9.780 27.619 15.629 5.812 35.897 64.615 45.808350 1.261781 12
52 3.834 0.000 17.578 3.000 19.000 338.000 98178.000 2.438 1.438 94.938 -0.674 0.024 0.005 0.738 -2.000 2.938 -4.250 0.610 0.760 9.110 -27.300 23.600 21.600 0.430 -0.260 9.790 21.978 12.381 3.980 27.424 56.361 45.808350 1.261781 12
53 3.831 0.000 17.578 3.000 19.000 339.000 98170.000 4.500 1.438 109.375 -0.577 0.039 0.012 0.816 1.188 -1.250 -1.750 1.140 -0.170 9.520 -27.200 28.300 24.300 0.780 -0.230 9.770 26.862 14.652 5.543 34.335 62.784 45.809513 1.258868 12
54 3.834 0.000 17.564 3.000 19.000 338.000 98185.000 4.938 2.000 108.375 -0.584 0.045 0.011 0.810 1.125 0.625 -0.500 1.670 -0.440 9.360 -24.300 27.600 23.000 0.870 -0.350 9.760 25.836 14.383 5.299 32.967 61.294 45.809513 1.258868 12
55 3.832 0.000 17.568 3.000 19.000 337.000 98193.000 6.688 1.063 115.375 -0.532 0.055 0.024 0.845 0.750 5.750 -4.438 2.290 -0.050 10.460 -25.600 24.300 22.700 1.120 -0.140 9.740 26.056 15.214 5.543 33.675 62.198 45.809513 1.258868 12
56 3.830 0.000 17.584 3.000 19.000 337.000 98190.000 7.000 2.625 120.688 -0.500 0.065 0.011 0.863 3.688 8.938 18.250 0.410 -3.360 9.680 -26.500 21.600 21.100 1.220 -0.460 9.710 25.324 14.164 5.397 32.308 60.855 45.811035 1.257417 12
57 3.827 0.000 17.578 3.000 19.000 337.000 98195.000 8.813 -0.688 96.813 -0.657 0.054 0.054 0.750 -3.375 3.125 -12.625 -0.280 0.880 10.390 -20.000 25.400 19.000 1.430 0.030 9.700 25.421 14.505 5.226 32.405 60.733 45.811035 1.257417 12
58 3.828 0.000 17.554 3.000 19.000 336.000 98201.000 5.063 1.188 110.313 -0.571 0.042 0.016 0.820 0.188 2.250 -0.375 2.290 -0.900 9.120 -26.000 20.100 18.500 0.860 -0.200 9.760 25.177 14.457 5.421 31.868 60.635 45.811035 1.257417 12
59 3.831 0.000 17.554 3.000 19.000 334.000 98222.000 5.938 2.000 110.125 -0.571 0.053 0.015 0.819 2.000 -3.438 -0.688 1.550 -0.340 9.910 -26.700 23.000 18.400 1.030 -0.350 9.740 25.348 14.383 5.226 31.868 60.562 45.811035 1.257417 12
60 3.832 0.000 17.544 3.000 19.000 334.000 98231.000 6.313 2.500 110.250 -0.570 0.058 0.014 0.819 0.250 -0.188 -0.625 0.800 -0.240 10.070 -24.800 20.800 16.000 1.080 -0.420 9.730 24.933 13.773 5.128 31.429 60.000 45.812523 1.255450 12
61 3.828 0.000 17.548 3.000 19.000 324.000 98353.000 7.125 2.688 112.250 -0.555 0.065 0.015 0.829 -1.063 0.375 -1.625 0.550 -0.060 9.430 -18.500 40.100 27.300 1.220 -0.460 9.710 24.982 13.089 5.031 30.476 59.731 45.812523 1.255450 12
62 3.829 0.000 17.544 3.000 19.000 326.000 98331.000 7.813 2.688 116.375 -0.526 0.071 0.016 0.848 -1.000 1.938 -0.625 2.830 -0.660 9.540 -23.000 38.500 30.400 1.320 -0.460 9.700 24.786 14.017 5.177 32.015 59.927 45.812523 1.255450 12
63 3.830 0.000 17.554 3.000 19.000 320.000 98396.000 8.500 2.500 120.813 -0.492 0.075 0.017 0.867 -0.125 -0.125 -1.063 0.600 -0.510 9.630 -23.200 33.100 31.000 1.430 -0.430 9.690 25.299 14.554 5.495 32.674 60.781 45.812523 1.255450 12
64 3.829 0.000 17.544 3.000 19.000 317.000 98431.000 9.688 2.500 124.313 -0.465 0.085 0.020 0.881 -0.250 1.000 -1.000 0.340 -0.050 9.490 -21.900 35.500 30.500 1.620 -0.430 9.660 25.324 14.042 5.348 31.770 60.073 45.814552 1.253838 12
65 3.827 0.000 17.574 3.000 19.000 314.000 98470.000 8.938 2.750 128.375 -0.433 0.081 0.013 0.898 -1.125 -0.125 -1.000 2.200 -0.660 10.180 -23.200 27.500 32.000 1.510 -0.460 9.670 25.348 13.748 5.324 32.479 60.122 45.814552 1.253838 12
66 3.826 0.000 17.554 3.000 19.000 310.000 98507.000 6.063 2.875 129.375 -0.426 0.058 -0.000 0.903 -0.813 0.250 -0.563 1.540 -0.500 9.610 -22.800 26.800 27.300 1.040 -0.500 9.730 25.055 14.310 5.104 31.380 60.098 45.814552 1.253838 12
67 3.829 0.000 17.568 3.000 19.000 310.000 98506.000 4.125 3.750 124.125 -0.468 0.047 -0.012 0.883 -0.625 2.125 -0.500 1.780 -0.490 10.350 -4.100 28.900 26.700 0.730 -0.630 9.750 24.884 13.993 5.079 31.380 60.049 45.814552 1.253838 12
68 3.829 0.000 17.558 3.000 19.000 310.000 98500.000 5.438 3.688 126.875 -0.446 0.057 -0.008 0.893 -0.813 -1.625 -0.063 1.950 -1.030 10.120 -26.700 23.200 21.900 0.900 -0.640 9.740 24.347 12.430 4.762 29.817 58.877 45.816544 1.253044 12
69 3.826 0.000 17.568 3.000 19.000 314.000 98458.000 6.750 3.750 126.625 -0.448 0.068 -0.003 0.891 0.500 2.438 0.688 1.830 -0.610 9.340 -64.300 45.200 21.700 1.220 -0.630 9.700 24.713 13.211 5.031 30.452 59.316 45.816544 1.253044 12
70 3.825 0.000 17.574 3.000 19.000 314.000 98458.000 9.188 3.750 128.125 -0.435 0.087 0.006 0.896 -0.250 -1.500 -0.188 1.740 -0.310 9.310 -40.600 39.000 11.800 1.660 -0.630 9.640 24.640 13.382 5.177 31.355 59.463 45.816544 1.253044 12
71 3.818 0.000 17.578 3.000 19.000 314.000 98457.000 6.938 4.188 128.063 -0.437 0.070 -0.007 0.897 -0.188 1.188 0.063 1.020 -0.730 9.530 -25.100 55.500 5.700 1.180 -0.710 9.700 24.591 13.358 4.713 30.891 58.926 45.817081 1.252848 12
72 3.822 0.000 17.598 3.000 19.000 314.000 98462.000 1.250 4.313 128.125 -0.437 0.026 -0.029 0.899 0.188 0.125 -0.625 0.260 -0.670 9.920 -58.800 38.500 22.700 0.220 -0.740 9.770 23.932 12.137 4.835 28.962 57.998 45.817081 1.252848 12
73 3.824 0.000 17.578 3.000 19.000 315.000 98448.000 0.750 2.438 123.188 -0.476 0.015 -0.016 0.879 -0.563 -2.125 1.125 0.510 -0.790 8.700 -14.500 26.800 33.600 0.120 -0.410 9.790 23.980 12.186 5.031 29.524 58.242 45.817081 1.252848 12
74 3.826 0.000 17.588 3.000 19.000 316.000 98446.000 2.188 3.188 121.688 -0.487 0.030 -0.015 0.873 -0.813 3.875 0.938 1.590 -0.450 8.790 -14.400 27.200 32.300 0.350 -0.560 9.780 23.785 11.941 4.762 29.231 57.900 45.817814 1.252584 12
75 3.823 0.000 17.568 3.000 19.000 316.000 98442.000 3.063 5.000 110.438 -0.570 0.046 -0.021 0.820 1.813 1.250 1.250 0.960 -1.020 9.640 -17.900 29.400 30.500 0.480 -0.830 9.750 23.614 11.819 4.469 28.645 56.947 45.817814 1.252584 12
76 3.822 0.000 17.588 3.000 19.000 316.000 98444.000 2.188 3.813 108.813 -0.581 0.035 -0.016 0.813 1.125 -3.125 0.250 1.140 -0.110 10.070 -14.000 24.000 27.200 0.340 -0.630 9.780 3.614 1.636 0.586 3.443 19.194 45.817814 1.252584 12
77 3.821 0.000 17.568 3.000 19.000 316.000 98437.000 7.250 2.438 96.813 -0.665 0.062 0.026 0.744 -2.438 -0.813 10.813 -0.100 -1.280 10.220 -10.000 36.800 31.500 1.290 -0.510 9.700 22.637 11.282 4.493 27.424 55.873 45.817814 1.252584 12
78 3.821 0.000 17.564 3.000 19.000 316.000 98440.000 -1.063 3.438 351.813 -0.997 0.031 -0.009 -0.075 3.125 6.063 7.500 0.160 0.040 9.550 29.700 18.000 29.400 -0.310 -0.540 9.780 20.635 11.697 4.005 24.542 53.431 45.818497 1.251819 12
79 3.822 0.000 17.568 3.000 19.000 316.000 98440.000 10.250 -0.625 65.125 -0.834 0.049 0.080 0.544 -7.188 -8.563 -25.563 1.090 -0.120 10.120 -16.000 33.100 21.100 1.970 0.140 9.600 21.416 11.941 4.371 27.155 54.164 45.818497 1.251819 12
80 3.821 0.000 17.554 3.000 19.000 314.000 98452.000 5.000 -1.938 88.188 -0.719 0.018 0.045 0.694 -0.938 3.250 4.938 1.640 -0.200 8.650 -20.600 22.800 5.400 0.930 0.300 9.750 10.134 7.985 1.978 12.918 36.190 45.818497 1.251819 12
81 3.820 0.000 17.548 3.000 19.000 314.000 98460.000 8.500 -1.688 39.500 -0.942 0.009 0.076 0.328 6.313 1.188 23.125 2.410 -1.000 8.930 4.100 33.700 1.700 1.510 0.330 9.680 11.209 9.011 2.125 14.066 39.145 45.818604 1.251252 12
82 3.819 0.000 17.538 3.000 19.000 314.000 98455.000 10.813 1.813 348.625 -0.990 0.007 0.097 -0.098 -0.438 1.625 -0.125 0.780 -0.450 9.670 23.000 23.500 -0.600 1.730 -0.330 9.640 18.901 10.427 3.126 21.197 50.427 45.818604 1.251252 12
